---------------------------------2022
Qa =  11694.480734299063
Qb =  12000.17653479869
Qc =  13815.507626858074
Qd =  13224.300489838899
Qe =  15726.572525320598
Qf =  14542.539328169702
Ea =  0.14584748898306704
Eb =  0.13616867164024563
Ec =  0.1664007156498542
Ed =  0.18319043738836616
Ee =  0.2348065154631037
Ef =  0.3362447523755174
m_ca =  0.4796778050521594
m_cb =  0.5313929367245736
m_cc =  0.5590365243965301
m_cd =  0.5681595055198809
m_ce =  0.5086940372406537
m_cf =  0.25873332474387084
m_ha 0.5235295990187718
m_hb 0.5272032413291764
m_hc 0.49668299895948237
m_hd 0.4318545969683754
m_he 0.40067438221643925
m_hf 0.36143812389020186

---------------------------------2019
Qa =         11980.328534317869
Qb =         11987.278826486208
Qc =         16115.647161725006
Qd =         16967.15743962222
Qe =         16299.042512716778
Q_blind =    10247.165355737625
Ea =         0.5545730499752757
Eb =         0.4609417748386949
Ec =         0.18544262622620805
Ed =         0.26462702148694317
Ee =         0.18199695648239392
E_blind =    0.10413834805444662
m_ca =       0.12923424338182757
m_cb =       0.15557584733715946
m_cc =       0.5903153657217933
m_cd =       0.4378713793372747
m_ce =       0.5608718391848658
m_c_blind =  0.6378937455507337
m_ha =       0.3299701912020114
m_hb =       0.5005218302147918
m_hc =       0.5198832422271144
m_hd =       0.3835681506580143
m_he =       0.535754225077432
m_h_blind =  0.5886548108601339