---------------------------------2022
Qa     =  11.694480734299063
Qb     =  12.000176534798689
Qc     =  13.81527128020661
Qd     =  13.22318498254545
Qe     =  15.722772789647866
Qf     =  14.529268916904227
Q_jpl  =  15.65297225514059
Q_2017 =  13.144846582751375
Ea     =  0.14584748898306704
Eb     =  0.13616867164024563
Ec     =  0.16640396203299446
Ed     =  0.18321417335547796
Ee     =  0.23487032110653203
Ef     =  0.3359379210822208
E_jpl  =  0.1851395084943121
E_2017 =  0.2516152933160078
m_ca   =  0.474928994782143
m_cb   =  0.5261321466510003
m_cc   =  0.5535020628050044
m_cd   =  0.562534726415234
m_ce   =  0.5036579662719711
m_cf   =  0.2561718648289065
m_jpl  =  0.500777037993948
m_2017 =  0.309431972304444
m_ha   = 0.518346655988486
m_hb   = 0.5219839292400176
m_hc   = 0.49174783074212336
m_hd   = 0.4274877793858915
m_he   = 0.3965041114323857
m_hf   = 0.35707898659310405
m_jpl  = 0.5124759267462647
m_2017 = 0.4520831637861706

---------------------------------2019
Qa      =  13.908137929663143
Qb      =  12.67456384347008
Qc      =  14.4264054731299
Qd      =  16.320849849233813
Qe      =  15.650454288147401
Q_blind =  9.797476997594806
Ea      =  0.34353202340494937
Eb      =  0.30856275485088336
Ec      =  0.18137685648160726
Ed      =  0.27717057199203604
Ee      =  0.19140000263609896
E_blind =  0.11059818000758277
m_ca      =  0.2397996029416212
m_cb      =  0.24329669987848826
m_cc      =  0.6806571457453017
m_cd      =  0.4754097856439651
m_ce      =  0.5575527398373558
m_c_blind =  0.6363429686060251
m_ha      = 0.2984035624603747
m_hb      = 0.45438667069073496
m_hc      = 0.4711106930872523
m_hd      = 0.348772592280825
m_he      = 0.48431922316461523
m_h_blind = 0.5247023028182741
---------------------------------2018
Qa =  11.5520875090481
Qb =  10.082820375805705
Qc =  10.97165122440852
Ea =  0.3269290913011636
Eb =  0.35615267262852796
Ec =  0.17659609649180866
m_ca =  0.2092924687305659
m_cb =  0.16768434573070615
m_hb = 0.4649125132444208
m_hc = 0.44188923427012583
PS C:\Users\peada\OneDrive - University of Cambridge\Studies\IIA\Projects\GA3 Heat exhanger\GA3-Heat-exchanger-optimisation-code> & "C:/Program Files/Python310/python.exe" "c:/Users/peada/OneDrive - University of Cambridge/Studies/IIA/Projects/GA3 Heat exhanger/GA3-Heat-exchanger-optimisation-code/2018_check.py"
2018
Qa =  11.5520875090481
Qb =  10.31164084968031
Qc =  11.151481293643243
Ea =  0.3269290913011636
Eb =  0.3410947565135009
Ec =  0.195864366664427
m_ca =  0.2092924687305659
m_cb =  0.17906035166482678
m_cc =  0.3372281543620953
m_ha = 0.35258693807885383
m_hb = 0.4649125132444208
m_hc = 0.44188923427012583