2022
Qa     =  11.018793127961626
Qb     =  11.23020392530676
Qc     =  13.06199412683633
Qd     =  12.661164918388117
Qe     =  14.87186166730477
Qf     =  13.880622557702356
Q_jpl  =  14.801140393972025
Q_2017 =  12.493224047414335
Ea     =  0.143724565712032
Eb     =  0.14549202664371422
Ec     =  0.1793747066703654
Ed     =  0.19980841460852225
Ee     =  0.2531017325578183
Ef     =  0.30329272913129446
E_jpl  =  0.19520931454392904
E_2017 =  0.23816810651148357
m_ca   =  0.5246057322882177
m_cb   =  0.5820812079450844
m_cc   =  0.6131698296158051
m_cd   =  0.6234942760931913
m_ce   =  0.5567639440198341
m_cf   =  0.2823725078596537
m_cjpl  =  0.5535273757864162
m_c2017 =  0.32364312767802017
m_ha   = 0.4730188952715589
m_hb   = 0.4762378556664209
m_hc   = 0.4492868889849609
m_hd   = 0.39096272842442004
m_he   = 0.36253144668116694
m_hf   = 0.32625244747480403
m_hjpl  = 0.4678106521885125
m_h2017 = 0.4128539838100835

---------------------------------2019
2019
Qa      =  13.837115754490322
Qb      =  12.611414129332816
Qc      =  14.730565524507231
Qd      =  16.13620294930706
Qe      =  15.32857121258623
Q_blind =  10.34242734310256
Ea      =  0.3236531917492309
Eb      =  0.29074372403273774
Ec      =  0.19291763244545948
Ed      =  0.28545290243220317
Ee      =  0.19527445474315536
E_blind =  0.1632351576297343
m_ca      =  0.26377956323578333
m_cb      =  0.26762636986633714
m_cc      =  0.7148504062001378
m_cd      =  0.5229507642083617
m_ce      =  0.6375629396225714
m_c_blind =  0.3909167150531275
m_ha      = 0.2984035624603747
m_hb      = 0.45438667069073496
m_hc      = 0.4711106930872523
m_hd      = 0.348772592280825
m_he      = 0.48431922316461523
m_h_blind = 0.5247023028182741
---------------------------------2018
2018
Qa =  11.490639357499516 
Qb =  10.212931905279314 
Qc =  11.022331247240059 
Ea =  0.3079451533499201 
Eb =  0.31991439558590873
Ec =  0.1833295247668163 
m_ca =  0.2302217156036225
m_cb =  0.1969663868313095
m_cc =  0.3709509697983049
m_ha = 0.35258693807885383
m_hb = 0.4649125132444208
m_hc = 0.44188923427012583