---------------------------------2022
Qa     =  11694.480734299063
Qb     =  12000.17653479869
Qc     =  13815.27128020661
Qd     =  13223.18498254545
Qe     =  15722.772789647866
Qf     =  14529.268916904228
Q_jpl  =  15652.97225514059
Q_2017 =  13144.846582751376
Ea     =  0.14584748898306704
Eb     =  0.13616867164024563
Ec     =  0.16640396203299446
Ed     =  0.18321417335547796
Ee     =  0.23487032110653203
Ef     =  0.3359379210822208
E_jpl  =  0.1851395084943121
E_2017 =  0.2516152933160078
m_ca   =  0.4796778050521594
m_cb   =  0.5313929367245736
m_cc   =  0.5590365243965301
m_cd   =  0.5681595055198809
m_ce   =  0.5086940372406537
m_cf   =  0.25873332474387084
m_jpl  =  0.505784302589585
m_2017 =  0.31252597950150895
m_ha   = 0.5235295990187718
m_hb   = 0.5272032413291764
m_hc   = 0.4966648123847322
m_hd   = 0.431762225417525
m_he   = 0.40046875207795746
m_hf   = 0.3606494158096193
m_jpl  = 0.5176001684135589
m_2017 = 0.4566035388204935

---------------------------------2019
Qa =         11980.328534317869
Qb =         11987.278826486208
Qc =         16115.647161725006
Qd =         16967.15743962222
Qe =         16299.042512716778
Q_blind =    10247.165355737625
Ea =         0.5545730499752757
Eb =         0.4609417748386949
Ec =         0.18544262622620805
Ed =         0.26462702148694317
Ee =         0.18199695648239392
E_blind =    0.10413834805444662
m_ca =       0.12923424338182757
m_cb =       0.15557584733715946
m_cc =       0.5903153657217933
m_cd =       0.4378713793372747
m_ce =       0.5608718391848658
m_c_blind =  0.6378937455507337
m_ha =       0.3299701912020114
m_hb =       0.5005218302147918
m_hc =       0.5198832422271144
m_hd =       0.3835681506580143
m_he =       0.535754225077432
m_h_blind =  0.5886548108601339

---------------------------------2018
Qa =  11497.1736548611
Qb =  10388.135342568572
Qc =  11338.634090862644
Ea =  0.1771224692832149
Eb =  0.14685350114618823
Ec =  0.1553622877373594
m_ca =  0.3885075656212873
m_cb =  0.4231759050694885
m_cc =  0.43659903378030124
m_ha = 0.3883158078219316
m_hb = 0.5203545991318743
m_hc = 0.5078113712626379