---------------------------------2022
Qa     =  11.694480734299063
Qb     =  12.000176534798689
Qc     =  13.81527128020661
Qd     =  13.22318498254545
Qe     =  15.722772789647866
Qf     =  14.529268916904227
Q_jpl  =  15.65297225514059
Q_2017 =  13.144846582751375
Ea     =  0.14584748898306704
Eb     =  0.13616867164024563
Ec     =  0.16640396203299446
Ed     =  0.18321417335547796
Ee     =  0.23487032110653203
Ef     =  0.3359379210822208
E_jpl  =  0.1851395084943121
E_2017 =  0.2516152933160078
m_ca   =  0.474928994782143
m_cb   =  0.5261321466510003
m_cc   =  0.5535020628050044
m_cd   =  0.562534726415234
m_ce   =  0.5036579662719711
m_cf   =  0.2561718648289065
m_jpl  =  0.500777037993948
m_2017 =  0.309431972304444
m_ha   = 0.518346655988486
m_hb   = 0.5219839292400176
m_hc   = 0.49174783074212336
m_hd   = 0.4274877793858915
m_he   = 0.3965041114323857
m_hf   = 0.35707898659310405
m_jpl  = 0.5124759267462647
m_2017 = 0.4520831637861706

---------------------------------2019
Qa      =  13.908137929663143
Qb      =  11.617227662980726
Qc      =  15.498996591008705
Qd      =  16.355975114265608
Qe      =  15.650454288147401
Q_blind =  9.797476997594806
Ea      =  0.34353202340494937
Eb      =  0.4487546699164719
Ec      =  0.19486207326781918
Ed      =  0.2777670905489842
Ee      =  0.19140000263609896
E_blind =  0.11059818000758277
m_ca      =  0.2397996029416212
m_cb      =  0.1533346186103728
m_cc      =  0.5873391533398153
m_cd      =  0.43525915482767674
m_ce      =  0.5575527398373558
m_c_blind =  0.6363429686060251
m_ha      = 0.2984035624603747
m_hb      = 0.45438667069073496
m_hc      = 0.4711106930872523
m_hd      = 0.348772592280825
m_he      = 0.48431922316461523
m_h_blind = 0.5247023028182741

---------------------------------2018
Qa =  11.4971736548611
Qb =  10.388135342568573
Qc =  11.338634090862644
Ea =  0.1771224692832149
Eb =  0.14685350114618823
Ec =  0.1553622877373594
m_ca =  0.38466134072163655
m_cb =  0.41898646360930053
m_cc =  0.43227670334587626
m_ha = 0.38447148132449444
m_hb = 0.5152030886004687
m_hc = 0.5027840386871377